tag tokens seqs epochs steps e2e_sec ID OOD KL flips
4M_1ep 4000000 3900 1 1950 3563 1.3803 2.0095 0.4110 22.84
8M_1ep 8000000 7803 1 3901 7215 1.3021 1.9464 0.3438 20.47
16M_1ep 16000000 15619 1 7809 15827 1.2954 1.8883 0.3301 20.01
32M_1ep 32000000 31246 1 15623 28837 1.2831 1.8346 0.3254 19.93
64M_1ep 64000000 62500 1 31250 58812 1.2778 1.7923 0.3250 19.84
16M_2ep 16000000 15619 2 15618 30283 1.2531 1.8931 0.2922 18.45
16M_1ep_oldrec 16000000 15619 1 7809 14431 1.2706 1.8977 0.3192 19.84
16M_2ep_constlr 15993856 15619 2 15618 30039 1.2529 1.9945 0.3058 18.77
16Md2_2ep 15993856 15619 2 15618 28642 1.2511 1.8938 0.3002 18.81
32M_2ep 31995904 31246 2 31246 58825 1.2515 1.8516 0.2988 18.70
#INVALID_a3fold 16M_2ep_colscale 15993856 15619 2 15618 30539 1.2527 1.8944 0.2922 18.55
16M_2ep_sqat4 15993856 15619 2 15618 28037 1.2631 1.9033 0.3031 19.00
16M_2ep_colscale_v2 15993856 15619 2 15618 30139 1.2522 1.8903 0.2919 18.59
